1.787196844816207886e-02
1.784519106149673462e-02
1.787042245268821716e-02
1.785754971206188202e-02
1.789257116615772247e-02
1.790960319340229034e-02
1.789139583706855774e-02
1.789881102740764618e-02
1.796622201800346375e-02
1.801603846251964569e-02
1.795080676674842834e-02
1.788522116839885712e-02
1.795182377099990845e-02
1.792978309094905853e-02
1.790833100676536560e-02
1.797037757933139801e-02
1.803174056112766266e-02
1.800662465393543243e-02
1.796414330601692200e-02
1.800073496997356415e-02
1.800636574625968933e-02
1.807999424636363983e-02
1.817859709262847900e-02
1.808977499604225159e-02
1.800070330500602722e-02
1.795800216495990753e-02
1.785780861973762512e-02
1.792518235743045807e-02
1.801434718072414398e-02
1.800807379186153412e-02
1.800562441349029541e-02
1.798375695943832397e-02
1.805462688207626343e-02
1.820507831871509552e-02
1.824221387505531311e-02
1.822770014405250549e-02
1.809303462505340576e-02
1.793403550982475281e-02
1.794115267693996429e-02
1.802366226911544800e-02
1.807203888893127441e-02
1.797928102314472198e-02
1.794769801199436188e-02
1.796010881662368774e-02
1.804567873477935791e-02
1.811772026121616364e-02
1.815718412399291992e-02
1.805754005908966064e-02
1.800487004220485687e-02
1.795770041644573212e-02
1.797832921147346497e-02
1.797570660710334778e-02
1.798291504383087158e-02
1.805002801120281219e-02
1.804537884891033173e-02
1.805932447314262390e-02
1.802756451070308685e-02
1.793947815895080566e-02
1.796857081353664398e-02
1.809084601700305939e-02
1.810615696012973785e-02
1.808263175189495087e-02
1.804157346487045288e-02
1.809965632855892181e-02
1.804888807237148285e-02
1.793590001761913300e-02
1.793509349226951599e-02
1.801063865423202515e-02
1.804083958268165588e-02
1.791792549192905426e-02
1.785786263644695282e-02
1.797279156744480133e-02
1.804996281862258911e-02
1.801246218383312225e-02
1.795917190611362457e-02
1.798392459750175476e-02
1.802324503660202026e-02
1.802470721304416656e-02
1.798039674758911133e-02
1.796234771609306335e-02
1.804152503609657288e-02
1.795724034309387207e-02
1.788059435784816742e-02
1.793045178055763245e-02
1.796931028366088867e-02
1.808519475162029266e-02
1.814214140176773071e-02
1.804875582456588745e-02
1.800159178674221039e-02
1.789812371134757996e-02
1.789039559662342072e-02
1.797716692090034485e-02
1.790331490337848663e-02
1.783660426735877991e-02
1.790124177932739258e-02
1.795729435980319977e-02
1.787486858665943146e-02
1.792141236364841461e-02
1.799097098410129547e-02
1.797183975577354431e-02
1.800934784114360809e-02
1.790695451200008392e-02
1.793364994227886200e-02
1.797683723270893097e-02
1.794414594769477844e-02
1.783311553299427032e-02
1.784517057240009308e-02
1.794607564806938171e-02
1.799621060490608215e-02
1.793769001960754395e-02
1.787997037172317505e-02
1.787598431110382080e-02
1.793078705668449402e-02
1.791692338883876801e-02
1.780376955866813660e-02
1.780495420098304749e-02
1.784081570804119110e-02
1.788647845387458801e-02
1.786156371235847473e-02
1.783719100058078766e-02
1.784398779273033142e-02
1.792306639254093170e-02
1.794267632067203522e-02
1.785455830395221710e-02
1.779207959771156311e-02
1.794063299894332886e-02
1.807182095944881439e-02
1.793836057186126709e-02
1.789785362780094147e-02
1.788445003330707550e-02
1.784591749310493469e-02
1.788321509957313538e-02
1.784240640699863434e-02
1.776083000004291534e-02
1.767706498503684998e-02
1.774246618151664734e-02
1.783775165677070618e-02
1.786728389561176300e-02
1.787256263196468353e-02
1.780986599624156952e-02
1.780698262155056000e-02
1.786366477608680725e-02
1.780907437205314636e-02
1.776670478284358978e-02
1.771700941026210785e-02
1.770945265889167786e-02
1.768773235380649567e-02
1.769551262259483337e-02
1.774355769157409668e-02
1.781532354652881622e-02
1.776781678199768066e-02
1.763891428709030151e-02
1.774943433701992035e-02
1.772701926529407501e-02
1.766883209347724915e-02
1.761588640511035919e-02
1.756737753748893738e-02
1.767214015126228333e-02
1.772491075098514557e-02
1.766267232596874237e-02
1.764339394867420197e-02
1.761090941727161407e-02
1.759509742259979248e-02
1.764078438282012939e-02
1.761833764612674713e-02
1.765000633895397186e-02
1.769160106778144836e-02
1.769869774580001831e-02
1.766538247466087341e-02
1.768557727336883545e-02
1.768386922776699066e-02
1.766892336308956146e-02
1.765435375273227692e-02
1.762778125703334808e-02
1.764336228370666504e-02
1.767866127192974091e-02
1.764637418091297150e-02
1.759755052626132965e-02
1.749551482498645782e-02
1.746674627065658569e-02
1.751102134585380554e-02
1.755027472972869873e-02
1.757962256669998169e-02
1.751415058970451355e-02
1.746921800076961517e-02
1.755288988351821899e-02
1.759471558034420013e-02
1.749876514077186584e-02
1.747883297502994537e-02
1.753352954983711243e-02
1.747658848762512207e-02
1.740150339901447296e-02
1.742144301533699036e-02
1.752595044672489166e-02
1.754215359687805176e-02
1.749753765761852264e-02
1.747165620326995850e-02
1.743577606976032257e-02
1.750339381396770477e-02
1.751999743282794952e-02
1.745847798883914948e-02
1.741520687937736511e-02
1.744464784860610962e-02
1.736694574356079102e-02
1.743186265230178833e-02
1.743255555629730225e-02
1.738041639328002930e-02
1.740860566496849060e-02
1.747504621744155884e-02
1.747181266546249390e-02
1.740675792098045349e-02
1.732706651091575623e-02
1.732212305068969727e-02
1.738942600786685944e-02
1.748005114495754242e-02
1.747662946581840515e-02
1.743232272565364838e-02
1.746271736919879913e-02
1.744264550507068634e-02
1.739943213760852814e-02
1.738999038934707642e-02
1.738134585320949554e-02
1.735415495932102203e-02
1.733990013599395752e-02
1.737535372376441956e-02
1.734201051294803619e-02
1.730868592858314514e-02
1.730212569236755371e-02
1.732464507222175598e-02
1.734805852174758911e-02
1.733126677572727203e-02
1.731028780341148376e-02
1.724471338093280792e-02
1.723921485245227814e-02
1.729181967675685883e-02
1.727277971804141998e-02
1.728403009474277496e-02
1.723554730415344238e-02
1.722846366465091705e-02
1.725216954946517944e-02
1.728928461670875549e-02
1.731835305690765381e-02
1.733378693461418152e-02
1.727221533656120300e-02
1.725948601961135864e-02
1.728170178830623627e-02
1.730292290449142456e-02
1.732371002435684204e-02
1.732830889523029327e-02
1.724613644182682037e-02
1.724396087229251862e-02
1.728091761469841003e-02
1.724311709403991699e-02
1.720238290727138519e-02
1.724985986948013306e-02
1.730308495461940765e-02
1.726160570979118347e-02
1.724811457097530365e-02
1.717780530452728271e-02
1.713587716221809387e-02
1.716109178960323334e-02
1.713542640209197998e-02
1.714044436812400818e-02
1.714944839477539062e-02
1.714828982949256897e-02
1.717569306492805481e-02
1.716527342796325684e-02
1.714528165757656097e-02
1.718185469508171082e-02
1.719354093074798584e-02
1.719310320913791656e-02
1.714982651174068451e-02
1.704225130379199982e-02
1.696318387985229492e-02
1.701910421252250671e-02
1.699696853756904602e-02
1.698081754148006439e-02
1.693878136575222015e-02
1.703583635389804840e-02
1.709991320967674255e-02
1.705864258110523224e-02
1.705740951001644135e-02
1.706410944461822510e-02
1.715596765279769897e-02
1.707307621836662292e-02
1.699711196124553680e-02
1.701050624251365662e-02
1.700779050588607788e-02
1.699837483465671539e-02
1.697619445621967316e-02
1.698843576014041901e-02
1.700480096042156219e-02
1.705582253634929657e-02
1.706049032509326935e-02
1.704151742160320282e-02
1.701744273304939270e-02
1.698391139507293701e-02
1.701632887125015259e-02
1.708525046706199646e-02
1.706351153552532196e-02
1.711268723011016846e-02
1.716514676809310913e-02
1.715959981083869934e-02
1.708622090518474579e-02
1.700075902044773102e-02
1.698988676071166992e-02
1.694490946829319000e-02
1.701700873672962189e-02
1.699994690716266632e-02
1.691353134810924530e-02
1.688556000590324402e-02
1.687184534966945648e-02
1.693437434732913971e-02
1.698185876011848450e-02
1.695331558585166931e-02
1.697712764143943787e-02
1.705942302942276001e-02
1.705718599259853363e-02
1.693863421678543091e-02
1.683126948773860931e-02
1.681991294026374817e-02
1.689801551401615143e-02
1.694754883646965027e-02
1.689785718917846680e-02
1.688915304839611053e-02
1.687754131853580475e-02
1.686078496277332306e-02
1.685747876763343811e-02
1.676931604743003845e-02
1.670635305345058441e-02
1.673805713653564453e-02
1.682318188250064850e-02
1.678436063230037689e-02
1.681284978985786438e-02
1.682690344750881195e-02
1.671488583087921143e-02
1.678836718201637268e-02
1.693248376250267029e-02
1.684774644672870636e-02
1.681677810847759247e-02
1.684133149683475494e-02
1.678226143121719360e-02
1.674295403063297272e-02
1.676266826689243317e-02
1.668565161526203156e-02
1.663281396031379700e-02
1.662549749016761780e-02
1.664778590202331543e-02
1.677471213042736053e-02
1.682718098163604736e-02
1.676088944077491760e-02
1.674588210880756378e-02
1.675056107342243195e-02
1.674805767834186554e-02
1.678000204265117645e-02
1.686190441250801086e-02
1.686622947454452515e-02
1.677441596984863281e-02
1.668905466794967651e-02
1.663834229111671448e-02
1.665080152451992035e-02
1.664180308580398560e-02
1.671997271478176117e-02
1.672234199941158295e-02
1.663780398666858673e-02
1.666597835719585419e-02
1.672741770744323730e-02
1.672272384166717529e-02
1.666800305247306824e-02
1.673751324415206909e-02
1.673756353557109833e-02
1.669755578041076660e-02
1.669220998883247375e-02
1.679014414548873901e-02
1.677753031253814697e-02
1.668831706047058105e-02
1.661598868668079376e-02
1.664425805211067200e-02
1.669351942837238312e-02
1.671217568218708038e-02
1.657248660922050476e-02
1.646289788186550140e-02
1.644128188490867615e-02
1.655348390340805054e-02
1.659482158720493317e-02
1.643021404743194580e-02
1.643259823322296143e-02
1.649765670299530029e-02
1.646073162555694580e-02
1.646950095891952515e-02
1.653378456830978394e-02
1.658193022012710571e-02
1.652463525533676147e-02
1.648674532771110535e-02
1.649772189557552338e-02
1.647513918578624725e-02
1.645776815712451935e-02
1.647773571312427521e-02
1.648341864347457886e-02
1.645538955926895142e-02
1.644867844879627228e-02
1.648765429854393005e-02
1.651731133460998535e-02
1.655224524438381195e-02
1.654409430921077728e-02
1.643809676170349121e-02
1.642864383757114410e-02
1.633794978260993958e-02
1.630151271820068359e-02
1.633057184517383575e-02
1.635791920125484467e-02
1.635984145104885101e-02
1.643646135926246643e-02
1.652969233691692352e-02
1.652429625391960144e-02
1.647450029850006104e-02
1.643679849803447723e-02
1.647553779184818268e-02
1.648773252964019775e-02
1.637347787618637085e-02
1.630298979580402374e-02
1.638577319681644440e-02
1.645635068416595459e-02
1.645118743181228638e-02
1.637916639447212219e-02
1.635320857167243958e-02
1.638014242053031921e-02
1.635651104152202606e-02
1.633451692759990692e-02
1.630578376352787018e-02
1.631571538746356964e-02
1.640749163925647736e-02
1.641003787517547607e-02
1.640269346535205841e-02
1.637094654142856598e-02
1.628326810896396637e-02
1.628800854086875916e-02
1.624141260981559753e-02
1.627229154109954834e-02
1.624262519180774689e-02
1.619674637913703918e-02
1.624942757189273834e-02
1.623435690999031067e-02
1.619085296988487244e-02
1.620365679264068604e-02
1.631168462336063385e-02
1.630179397761821747e-02
1.627324521541595459e-02
1.622937247157096863e-02
1.622739434242248535e-02
1.633483171463012695e-02
1.635071076452732086e-02
1.630122587084770203e-02
1.615205593407154083e-02
1.616362109780311584e-02
1.626019924879074097e-02
1.624559611082077026e-02
1.619615592062473297e-02
1.611921750009059906e-02
1.606152392923831940e-02
1.604537479579448700e-02
1.611536927521228790e-02
1.623770408332347870e-02
1.623363979160785675e-02
1.622922532260417938e-02
1.620859839022159576e-02
1.627890579402446747e-02
1.629596389830112457e-02
1.624139398336410522e-02
1.624754257500171661e-02
1.620663329958915710e-02
1.614264957606792450e-02
1.615539006888866425e-02
1.620317995548248291e-02
1.613762788474559784e-02
1.607061922550201416e-02
1.612768508493900299e-02
1.613108627498149872e-02
1.612042449414730072e-02
1.615472696721553802e-02
1.618863269686698914e-02
1.622374728322029114e-02
1.613743044435977936e-02
1.609384641051292419e-02
1.613667979836463928e-02
1.612312719225883484e-02
1.605720072984695435e-02
1.600793749094009399e-02
1.594872772693634033e-02
1.598847284913063049e-02
1.611337438225746155e-02
1.614080555737018585e-02
1.615863479673862457e-02
1.616248302161693573e-02
1.610462367534637451e-02
1.605276763439178467e-02
1.610777154564857483e-02
1.611126586794853210e-02
1.614296808838844299e-02
1.616360805928707123e-02
1.610556058585643768e-02
1.602637208998203278e-02
1.593432761728763580e-02
1.594840362668037415e-02
1.602538302540779114e-02
1.603825762867927551e-02
1.598041690886020660e-02
1.598164439201354980e-02
1.599621027708053589e-02
1.603811420500278473e-02
1.602980121970176697e-02
1.592139713466167450e-02
1.590800285339355469e-02
1.604190655052661896e-02
1.607033237814903259e-02
1.605912297964096069e-02
1.603703200817108154e-02
1.603917591273784637e-02
1.603315211832523346e-02
1.593493111431598663e-02
1.590204052627086639e-02
1.605378836393356323e-02
1.612125709652900696e-02
1.597605086863040924e-02
1.586494967341423035e-02
1.589561626315116882e-02
1.599417626857757568e-02
1.605771854519844055e-02
1.602883450686931610e-02
1.595489494502544403e-02
1.583332009613513947e-02
1.583818346261978149e-02
1.597900316119194031e-02
1.604517921805381775e-02
1.598220132291316986e-02
1.594100333750247955e-02
1.588996499776840210e-02
1.588113605976104736e-02
1.595368795096874237e-02
1.590393669903278351e-02
1.582948863506317139e-02
1.579763926565647125e-02
1.582750119268894196e-02
1.582942157983779907e-02
1.587273925542831421e-02
1.592540554702281952e-02
1.586922444403171539e-02
1.583920232951641083e-02
1.587320491671562195e-02
1.592997834086418152e-02
1.594744995236396790e-02
1.593177579343318939e-02
1.590689457952976227e-02
1.590070128440856934e-02
1.585686393082141876e-02
1.577552221715450287e-02
1.573554053902626038e-02
1.578547060489654541e-02
1.589730381965637207e-02
1.595432497560977936e-02
1.591961458325386047e-02
1.586556062102317810e-02
1.587037183344364166e-02
1.589179039001464844e-02
1.588403992354869843e-02
1.584668643772602081e-02
1.585425809025764465e-02
1.576119661331176758e-02
1.576520875096321106e-02
1.580593548715114594e-02
1.581779681146144867e-02
1.580842956900596619e-02
1.581334881484508514e-02
1.584721542894840240e-02
1.588846184313297272e-02
1.588394306600093842e-02
1.583079248666763306e-02
1.574720069766044617e-02
1.573150418698787689e-02
1.573218964040279388e-02
1.575168780982494354e-02
1.583650149405002594e-02
1.578692905604839325e-02
1.575880311429500580e-02
1.575333997607231140e-02
1.575823687016963959e-02
1.576237380504608154e-02
1.574411988258361816e-02
1.573608070611953735e-02
1.575345546007156372e-02
1.572063565254211426e-02
1.571877487003803253e-02
1.582955569028854370e-02
1.578691415488719940e-02
1.576671935617923737e-02
1.582157053053379059e-02
1.590210758149623871e-02
1.584991626441478729e-02
1.580550894141197205e-02
1.575874350965023041e-02
1.579060032963752747e-02
1.589535363018512726e-02
1.583356224000453949e-02
1.580759510397911072e-02
1.590238884091377258e-02
1.591649278998374939e-02
1.593562029302120209e-02
1.587303355336189270e-02
1.585493050515651703e-02
1.585213281214237213e-02
1.584006473422050476e-02
1.588014885783195496e-02
1.584160700440406799e-02
1.575104705989360809e-02
1.567601971328258514e-02
1.566802710294723511e-02
1.575731113553047180e-02
1.582566648721694946e-02
1.588653586804866791e-02
1.588981598615646362e-02
1.577825658023357391e-02
1.575559377670288086e-02
1.575754769146442413e-02
1.576788350939750671e-02
1.579159684479236603e-02
1.579952426254749298e-02
1.578748226165771484e-02
1.584341935813426971e-02
1.589964702725410461e-02
1.582802832126617432e-02
1.577198877930641174e-02
1.582800224423408508e-02
1.582469232380390167e-02
1.585926115512847900e-02
1.586755551397800446e-02
1.590735279023647308e-02
1.595848612487316132e-02
1.594594866037368774e-02
1.593252830207347870e-02
1.589997112751007080e-02
1.589562743902206421e-02
1.589140109717845917e-02
1.585817337036132812e-02
1.593632064759731293e-02
1.586680859327316284e-02
1.578915305435657501e-02
1.584541611373424530e-02
1.590197905898094177e-02
1.594079472124576569e-02
1.590357348322868347e-02
1.582120172679424286e-02
1.575871370732784271e-02
1.578299701213836670e-02
1.590332575142383575e-02
1.598981581628322601e-02
1.590518653392791748e-02
1.590444892644882202e-02
1.581390015780925751e-02
1.579307392239570618e-02
1.590367406606674194e-02
1.597348973155021667e-02
1.592641696333885193e-02
1.594094187021255493e-02
1.591096259653568268e-02
1.596708595752716064e-02
1.604826748371124268e-02
1.607747375965118408e-02
1.604041084647178650e-02
1.598558388650417328e-02
1.594552211463451385e-02
1.600868068635463715e-02
1.602499559521675110e-02
1.603038795292377472e-02
1.603256724774837494e-02
1.602962799370288849e-02
1.594833470880985260e-02
1.595937088131904602e-02
1.604513637721538544e-02
1.609745621681213379e-02
1.607523486018180847e-02
1.603041961789131165e-02
1.608629897236824036e-02
1.621153391897678375e-02
1.622308045625686646e-02
1.609696820378303528e-02
1.613638363778591156e-02
1.624188572168350220e-02
1.626346446573734283e-02
1.624421589076519012e-02
1.618872582912445068e-02
1.622277311980724335e-02
1.620420254766941071e-02
1.618873327970504761e-02
1.620161905884742737e-02
1.628127880394458771e-02
1.633133366703987122e-02
1.631188392639160156e-02
1.621142961084842682e-02
1.620384305715560913e-02
1.629734598100185394e-02
1.632657833397388458e-02
1.641456410288810730e-02
1.649595238268375397e-02
1.646931655704975128e-02
1.631355471909046173e-02
1.632625423371791840e-02
1.650492474436759949e-02
1.661543361842632294e-02
1.659896224737167358e-02
1.662619411945343018e-02
1.659546047449111938e-02
1.651923358440399170e-02
1.646317355334758759e-02
1.651430130004882812e-02
1.667630858719348907e-02
1.675073802471160889e-02
1.674263551831245422e-02
1.671756245195865631e-02
1.673413999378681183e-02
1.671976409852504730e-02
1.661621406674385071e-02
1.668920740485191345e-02
1.678377762436866760e-02
1.678209379315376282e-02
1.678928732872009277e-02
1.683816872537136078e-02
1.693149842321872711e-02
1.699647866189479828e-02
1.703991182148456573e-02
1.712512411177158356e-02
1.710636168718338013e-02
1.702984981238842010e-02
1.710572652518749237e-02
1.722285524010658264e-02
1.723702251911163330e-02
1.721029169857501984e-02
1.724722795188426971e-02
1.735652610659599304e-02
1.735395565629005432e-02
1.747118495404720306e-02
1.752379909157752991e-02
1.758100464940071106e-02
1.767222955822944641e-02
1.773676835000514984e-02
1.769148744642734528e-02
1.772702299058437347e-02
1.783244125545024872e-02
1.793267391622066498e-02
1.800599507987499237e-02
1.805357262492179871e-02
1.798394136130809784e-02
1.797179132699966431e-02
1.810026913881301880e-02
1.819657161831855774e-02
1.832216978073120117e-02
1.838334091007709503e-02
1.847308501601219177e-02
1.855182647705078125e-02
1.861014589667320251e-02
1.875847205519676208e-02
1.881845481693744659e-02
1.884527504444122314e-02
1.885272003710269928e-02
1.886621303856372833e-02
1.902300305664539337e-02
1.920062489807605743e-02
1.930591464042663574e-02
1.938827894628047943e-02
1.949597150087356567e-02
1.961003057658672333e-02
1.987057924270629883e-02
2.004338987171649933e-02
2.007957547903060913e-02
2.018374204635620117e-02
2.036067284643650055e-02
2.045421488583087921e-02
2.042676508426666260e-02
2.077968791127204895e-02
2.099018730223178864e-02
2.101605199277400970e-02
2.109814062714576721e-02
2.141559123992919922e-02
2.157007344067096710e-02
2.160696499049663544e-02
2.175962738692760468e-02
2.204327285289764404e-02
2.228400297462940216e-02
2.250943891704082489e-02
2.280035614967346191e-02
2.300225384533405304e-02
2.309875376522541046e-02
2.319358475506305695e-02
2.344421297311782837e-02
2.388962171971797943e-02
2.420529723167419434e-02
2.438575401902198792e-02
2.463212050497531891e-02
2.487343363463878632e-02
2.527363598346710205e-02
2.567861229181289673e-02
2.601321600377559662e-02
2.641303651034832001e-02
2.694781683385372162e-02
2.751963958144187927e-02
2.787083573639392853e-02
2.824709378182888031e-02
2.877196297049522400e-02
2.941660583019256592e-02
3.002717345952987671e-02
3.060934692621231079e-02
3.134452551603317261e-02
3.236934170126914978e-02
3.355184569954872131e-02
3.481131792068481445e-02
3.635742887854576111e-02
3.833484277129173279e-02
4.129388555884361267e-02
4.585576802492141724e-02
5.825846642255783081e-02
9.838461875915527344e-02
1.279597878456115723e-01
9.809664636850357056e-02
5.805968120694160461e-02
4.564032331109046936e-02
4.093104973435401917e-02
3.788335993885993958e-02
3.591176867485046387e-02
3.450750559568405151e-02
3.330976516008377075e-02
3.229996562004089355e-02
3.154590725898742676e-02
3.090858273208141327e-02
3.022319264709949493e-02
2.939452789723873138e-02
2.878784574568271637e-02
2.833380550146102905e-02
2.787259779870510101e-02
2.731528505682945251e-02
2.693830989301204681e-02
2.649733237922191620e-02
2.604897692799568176e-02
2.570651099085807800e-02
2.524655684828758240e-02
2.495518513023853302e-02
2.476668730378150940e-02
2.452872134745121002e-02
2.426023967564105988e-02
2.389954403042793274e-02
2.364093624055385590e-02
2.349759265780448914e-02
2.322574146091938019e-02
2.309102192521095276e-02
2.294227108359336853e-02
2.261007390916347504e-02
2.225038036704063416e-02
2.210961282253265381e-02
2.195669896900653839e-02
2.172343246638774872e-02
2.151420153677463531e-02
2.148897759616374969e-02
2.127972617745399475e-02
2.101709693670272827e-02
2.091681957244873047e-02
2.076598815619945526e-02
2.051617018878459930e-02
2.040216326713562012e-02
2.036498859524726868e-02
2.023853175342082977e-02
2.012902498245239258e-02
2.000537700951099396e-02
1.987439393997192383e-02
1.970479637384414673e-02
1.949555426836013794e-02
1.934557221829891205e-02
1.920945383608341217e-02
1.916870474815368652e-02
1.913390494883060455e-02
1.906855963170528412e-02
1.893798820674419403e-02
1.894797384738922119e-02
1.888547651469707489e-02
1.866215653717517853e-02
1.852042227983474731e-02
1.851119287312030792e-02
1.849953085184097290e-02
1.841346919536590576e-02
1.836824044585227966e-02
1.833770051598548889e-02
1.820022612810134888e-02
1.806581579148769379e-02
1.804843917489051819e-02
1.805582083761692047e-02
1.806876249611377716e-02
1.797322742640972137e-02
1.785890012979507446e-02
1.774775981903076172e-02
1.764066889882087708e-02
1.762066222727298737e-02
1.767369359731674194e-02
1.761789619922637939e-02
1.749893091619014740e-02
1.744718849658966064e-02
1.743263937532901764e-02
1.738814078271389008e-02
1.740696094930171967e-02
1.740253902971744537e-02
1.740233041346073151e-02
1.737320423126220703e-02
1.727821677923202515e-02
1.721218042075634003e-02
1.716297678649425507e-02
1.714618131518363953e-02
1.705185510218143463e-02
1.698355190455913544e-02
1.702878996729850769e-02
1.704128831624984741e-02
1.702879182994365692e-02
1.699159666895866394e-02
1.692388020455837250e-02
1.683594100177288055e-02
1.675397530198097229e-02
1.677635125815868378e-02
1.677311584353446960e-02
1.677230000495910645e-02
1.677763834595680237e-02
1.674785465002059937e-02
1.663819700479507446e-02
1.658751629292964935e-02
1.658019609749317169e-02
1.657354459166526794e-02
1.660503633320331573e-02
1.663563586771488190e-02
1.664644479751586914e-02
1.665228419005870819e-02
1.666509360074996948e-02
1.656227372586727142e-02
1.648838631808757782e-02
1.649528928101062775e-02
1.645843870937824249e-02
1.645104028284549713e-02
1.637995429337024689e-02
1.638506352901458740e-02
1.636936515569686890e-02
1.639542169868946075e-02
1.645467430353164673e-02
1.634481735527515411e-02
1.630490273237228394e-02
1.629825681447982788e-02
1.631970703601837158e-02
1.630804315209388733e-02
1.623635739088058472e-02
1.619016565382480621e-02
1.621604152023792267e-02
1.631372235715389252e-02
1.629035547375679016e-02
1.621224544942378998e-02
1.616204530000686646e-02
1.629210822284221649e-02
1.631084457039833069e-02
1.614911854267120361e-02
1.611421070992946625e-02
1.614478789269924164e-02
1.614450477063655853e-02
1.606970280408859253e-02
1.602299883961677551e-02
1.600901223719120026e-02
1.603509485721588135e-02
1.617936044931411743e-02
1.618583686649799347e-02
1.617164723575115204e-02
1.607047580182552338e-02
1.602062769234180450e-02
1.606104336678981781e-02
1.612210273742675781e-02
1.612446084618568420e-02
1.607940159738063812e-02
1.604339107871055603e-02
1.600125618278980255e-02
1.604680344462394714e-02
1.609158702194690704e-02
1.606897823512554169e-02
1.595279015600681305e-02
1.589883863925933838e-02
1.596688106656074524e-02
1.604293473064899445e-02
1.603426225483417511e-02
1.599336043000221252e-02
1.593862101435661316e-02
1.585758104920387268e-02
1.581221073865890503e-02
1.596206799149513245e-02
1.603516936302185059e-02
1.603140495717525482e-02
1.601909287273883820e-02
1.593612879514694214e-02
1.590221375226974487e-02
1.594237796962261200e-02
1.597859337925910950e-02
1.599659956991672516e-02
1.591351255774497986e-02
1.600349880754947662e-02
1.604541763663291931e-02
1.599952951073646545e-02
1.602765172719955444e-02
1.607097499072551727e-02
1.599560305476188660e-02
1.596860773861408234e-02
1.589891128242015839e-02
1.588231138885021210e-02
1.593070849776268005e-02
1.595768705010414124e-02
1.596280559897422791e-02
1.590555533766746521e-02
1.588278263807296753e-02
1.587743312120437622e-02
1.587497442960739136e-02
1.589277386665344238e-02
1.588798873126506805e-02
1.582035608589649200e-02
1.579534262418746948e-02
1.579255610704421997e-02
1.585173606872558594e-02
1.575993001461029053e-02
1.574478112161159515e-02
1.569772139191627502e-02
1.562861539423465729e-02
1.576411165297031403e-02
1.586596295237541199e-02
1.592170260846614838e-02
1.582936942577362061e-02
1.581986062228679657e-02
1.583301834762096405e-02
1.586849428713321686e-02
1.581895165145397186e-02
1.584430597722530365e-02
1.582812331616878510e-02
1.586468890309333801e-02
1.575290039181709290e-02
1.574270799756050110e-02
1.571958698332309723e-02
1.572993770241737366e-02
1.580210775136947632e-02
1.586374267935752869e-02
1.593789272010326385e-02
1.596450805664062500e-02
1.591326296329498291e-02
1.585779525339603424e-02
1.582557149231433868e-02
1.579943113029003143e-02
1.574923843145370483e-02
1.581280678510665894e-02
1.590348407626152039e-02
1.587435603141784668e-02
1.583026349544525146e-02
1.581562124192714691e-02
1.587682776153087616e-02
1.593394577503204346e-02
1.594563387334346771e-02
1.590283773839473724e-02
1.587324775755405426e-02
1.580622792243957520e-02
1.574315689504146576e-02
1.576423645019531250e-02
1.576130837202072144e-02
1.587613858282566071e-02
1.594678685069084167e-02
1.588585972785949707e-02
1.580794714391231537e-02
1.582350023090839386e-02
1.578908413648605347e-02
1.572927273809909821e-02
1.564427465200424194e-02
1.570926606655120850e-02
1.577254198491573334e-02
1.588774472475051880e-02
1.582606136798858643e-02
1.580049842596054077e-02
1.593926921486854553e-02
1.592855527997016907e-02
1.587949693202972412e-02
1.583775505423545837e-02
1.579117588698863983e-02
1.579433307051658630e-02
1.581965200603008270e-02
1.582453399896621704e-02
1.576290838420391083e-02
1.575562916696071625e-02
1.579459197819232941e-02
1.588543318212032318e-02
1.586510799825191498e-02
1.578420400619506836e-02
1.583495549857616425e-02
1.585050113499164581e-02
1.583402045071125031e-02
1.579037494957447052e-02
1.579053513705730438e-02
1.576800271868705750e-02
1.580606959760189056e-02
1.586343906819820404e-02
1.586528867483139038e-02
1.583680137991905212e-02
1.586535759270191193e-02
1.589201204478740692e-02
1.584270782768726349e-02
1.585848629474639893e-02
1.594328880310058594e-02
1.596152968704700470e-02
1.598063483834266663e-02
1.592148095369338989e-02
1.584026962518692017e-02
1.587087288498878479e-02
1.598596200346946716e-02
1.600440964102745056e-02
1.598606444895267487e-02
1.600815914571285248e-02
1.595235243439674377e-02
1.583467982709407806e-02
1.588930562138557434e-02
1.599506847560405731e-02
1.596122235059738159e-02
1.595500297844409943e-02
1.595633290708065033e-02
1.599180698394775391e-02
1.593306660652160645e-02
1.584940589964389801e-02
1.591843366622924805e-02
1.598168909549713135e-02
1.603329181671142578e-02
1.592121459543704987e-02
1.585965231060981750e-02
1.588840223848819733e-02
1.590863242745399475e-02
1.592381484806537628e-02
1.590373180806636810e-02
1.588583365082740784e-02
1.592773012816905975e-02
1.590007543563842773e-02
1.593541726469993591e-02
1.594800874590873718e-02
1.594154536724090576e-02
1.606013253331184387e-02
1.597852818667888641e-02
1.588866114616394043e-02
1.591950096189975739e-02
1.602528616786003113e-02
1.606565341353416443e-02
1.616244576871395111e-02
1.610323041677474976e-02
1.604113169014453888e-02
1.607381924986839294e-02
1.602504774928092957e-02
1.597317308187484741e-02
1.593930833041667938e-02
1.591973751783370972e-02
1.598120480775833130e-02
1.602644473314285278e-02
1.603016629815101624e-02
1.600078865885734558e-02
1.596140488982200623e-02
1.599810086190700531e-02
1.604425348341464996e-02
1.618084497749805450e-02
1.620098575949668884e-02
1.604797318577766418e-02
1.598737761378288269e-02
1.599159650504589081e-02
1.610365882515907288e-02
1.615802757441997528e-02
1.610105857253074646e-02
1.608677953481674194e-02
1.606458239257335663e-02
1.603442244231700897e-02
1.602428033947944641e-02
1.613769121468067169e-02
1.611503772437572479e-02
1.612347736954689026e-02
1.615714840590953827e-02
1.614818163216114044e-02
1.611027866601943970e-02
1.606522127985954285e-02
1.603235304355621338e-02
1.610401272773742676e-02
1.613103412091732025e-02
1.605224423110485077e-02
1.608337834477424622e-02
1.611029542982578278e-02
1.605353131890296936e-02
1.604919880628585815e-02
1.622076705098152161e-02
1.633766107261180878e-02
1.626356691122055054e-02
1.617157831788063049e-02
1.617116667330265045e-02
1.619937084615230560e-02
1.620317250490188599e-02
1.620986685156822205e-02
1.615265198051929474e-02
1.618223264813423157e-02
1.618907786905765533e-02
1.616130396723747253e-02
1.612184569239616394e-02
1.609292626380920410e-02
1.614223793148994446e-02
1.620448566973209381e-02
1.620025187730789185e-02
1.622347347438335419e-02
1.624309457838535309e-02
1.623210683465003967e-02
1.629180461168289185e-02
1.628980226814746857e-02
1.625991985201835632e-02
1.628411188721656799e-02
1.622224412858486176e-02
1.620622165501117706e-02
1.628450490534305573e-02
1.630230434238910675e-02
1.626256480813026428e-02
1.628678850829601288e-02
1.629474200308322906e-02
1.623723842203617096e-02
1.612432114779949188e-02
1.623426750302314758e-02
1.638751290738582611e-02
1.641711406409740448e-02
1.637007482349872589e-02
1.636354625225067139e-02
1.637446135282516479e-02
1.645977236330509186e-02
1.640973053872585297e-02
1.632319577038288116e-02
1.628931425511837006e-02
1.634504646062850952e-02
1.630625501275062561e-02
1.627262681722640991e-02
1.630720496177673340e-02
1.633631065487861633e-02
1.634812727570533752e-02
1.636548712849617004e-02
1.640021800994873047e-02
1.638595201075077057e-02
1.638208515942096710e-02
1.636464707553386688e-02
1.634240336716175079e-02
1.633699052035808563e-02
1.633095182478427887e-02
1.636228337883949280e-02
1.631523296236991882e-02
1.628381758928298950e-02
1.642361283302307129e-02
1.644144393503665924e-02
1.633603312075138092e-02
1.631756871938705444e-02
1.634752750396728516e-02
1.643597707152366638e-02
1.637176424264907837e-02
1.637045294046401978e-02
1.645486801862716675e-02
1.634839549660682678e-02
1.628253050148487091e-02
1.634071208536624908e-02
1.644756086170673370e-02
1.654377207159996033e-02
1.651820540428161621e-02
1.658236607909202576e-02
1.661627553403377533e-02
1.655844040215015411e-02
1.654425822198390961e-02
1.651816256344318390e-02
1.652560569345951080e-02
1.658469624817371368e-02
1.665055565536022186e-02
1.673803105950355530e-02
1.667571254074573517e-02
1.661671884357929230e-02
1.656899973750114441e-02
1.658336818218231201e-02
1.663518510758876801e-02
1.663104258477687836e-02
1.662682369351387024e-02
1.660308428108692169e-02
1.651357114315032959e-02
1.651647873222827911e-02
1.659816317260265350e-02
1.667914353311061859e-02
1.669071428477764130e-02
1.662283204495906830e-02
1.666329242289066315e-02
1.666383072733879089e-02
1.663131266832351685e-02
1.664474792778491974e-02
1.666111312806606293e-02
1.665335334837436676e-02
1.660638675093650818e-02
1.652701385319232941e-02
1.653160527348518372e-02
1.649763621389865875e-02
1.651884987950325012e-02
1.655812934041023254e-02
1.655576191842556000e-02
1.655536703765392303e-02
1.659477129578590393e-02
1.663647033274173737e-02
1.670392416417598724e-02
1.671382598578929901e-02
1.661589369177818298e-02
1.660730130970478058e-02
1.664614304900169373e-02
1.664222590625286102e-02
1.666543260216712952e-02
1.671670563519001007e-02
1.663444936275482178e-02
1.660736650228500366e-02
1.662413403391838074e-02
1.667071133852005005e-02
1.667681336402893066e-02
1.673208735883235931e-02
1.677796803414821625e-02
1.680857315659523010e-02
1.675384677946567535e-02
1.672703959047794342e-02
1.669516786932945251e-02
1.668207161128520966e-02
1.679306477308273315e-02
1.686460524797439575e-02
1.689968258142471313e-02
1.684408821165561676e-02
1.683979108929634094e-02
1.681466400623321533e-02
1.685670018196105957e-02
1.688055321574211121e-02
1.683122664690017700e-02
1.675246097147464752e-02
1.673962734639644623e-02
1.678006909787654877e-02
1.677006483078002930e-02
1.686860993504524231e-02
1.693170145153999329e-02
1.692597381770610809e-02
1.692737638950347900e-02
1.700004749000072479e-02
1.697074994444847107e-02
1.690298691391944885e-02
1.699847728013992310e-02
1.700333319604396820e-02
1.696924492716789246e-02
1.690916903316974640e-02
1.683707721531391144e-02
1.687797904014587402e-02
1.697162725031375885e-02
1.698153279721736908e-02
1.692581549286842346e-02
1.690216362476348877e-02
1.687785983085632324e-02
1.688529178500175476e-02
1.695669256150722504e-02
1.699651218950748444e-02
1.701236888766288757e-02
1.703158207237720490e-02
1.705451495945453644e-02
1.704434119164943695e-02
1.698059961199760437e-02
1.698028855025768280e-02
1.694815047085285187e-02
1.694435626268386841e-02
1.697966270148754120e-02
1.695016585290431976e-02
1.692152954638004303e-02
1.691477186977863312e-02
1.697646267712116241e-02
1.700149290263652802e-02
1.706830412149429321e-02
1.709765940904617310e-02
1.704822294414043427e-02
1.700295694172382355e-02
1.703865639865398407e-02
1.708487421274185181e-02
1.707931235432624817e-02
1.699267700314521790e-02
1.703234948217868805e-02
1.702898740768432617e-02
1.700032688677310944e-02
1.697537116706371307e-02
1.705786027014255524e-02
1.711453124880790710e-02
1.710312999784946442e-02
1.717980392277240753e-02
1.723631657660007477e-02
1.726205460727214813e-02
1.721801050007343292e-02
1.718705520033836365e-02
1.723423600196838379e-02
1.721025817096233368e-02
1.713847368955612183e-02
1.713818684220314026e-02
1.719866134226322174e-02
1.725032180547714233e-02
1.726865023374557495e-02
1.727514155209064484e-02
1.723131723701953888e-02
1.730334945023059845e-02
1.734030619263648987e-02
1.728782244026660919e-02
1.729714497923851013e-02
1.733346469700336456e-02
1.732108555734157562e-02
1.732246950268745422e-02
1.731804758310317993e-02
1.722313649952411652e-02
1.720709726214408875e-02
1.717542856931686401e-02
1.719254255294799805e-02
1.729525811970233917e-02
1.735074259340763092e-02
1.731771975755691528e-02
1.724659465253353119e-02
1.731033623218536377e-02
1.742456108331680298e-02
1.742467656731605530e-02
1.737756654620170593e-02
1.734933629631996155e-02
1.732084900140762329e-02
1.734897494316101074e-02
1.744008995592594147e-02
1.743542030453681946e-02
1.734969764947891235e-02
1.743386313319206238e-02
1.745925657451152802e-02
1.738926768302917480e-02
1.725500077009201050e-02
1.724584959447383881e-02
1.730012521147727966e-02
1.741237007081508636e-02
1.741236262023448944e-02
1.729867607355117798e-02
1.733249425888061523e-02
1.747761294245719910e-02
1.747785508632659912e-02
1.742996834218502045e-02
1.739634014666080475e-02
1.738826557993888855e-02
1.745932735502719879e-02
1.751172915101051331e-02
1.742596924304962158e-02
1.739973202347755432e-02
1.744338683784008026e-02
1.743189804255962372e-02
1.749728620052337646e-02
1.752882264554500580e-02
1.739956624805927277e-02
1.746480166912078857e-02
1.759371720254421234e-02
1.756337471306324005e-02
1.747155562043190002e-02
1.753331162035465240e-02
1.760084554553031921e-02
1.759329438209533691e-02
1.755424216389656067e-02
1.756439357995986938e-02
1.762416586279869080e-02
1.762200891971588135e-02
1.755353435873985291e-02
1.753927767276763916e-02
1.756989397108554840e-02
1.764086447656154633e-02
1.750357449054718018e-02
1.751918904483318329e-02
1.762546040117740631e-02
1.766011305153369904e-02
1.763661205768585205e-02
1.764572784304618835e-02
1.766179502010345459e-02
1.768499054014682770e-02
1.764479652047157288e-02
1.768760569393634796e-02
1.776445657014846802e-02
1.778292842209339142e-02
1.768240332603454590e-02
1.762152463197708130e-02
1.761510781943798065e-02
1.765316352248191833e-02
1.765372604131698608e-02
1.759663224220275879e-02
1.763727329671382904e-02
1.760428212583065033e-02
1.764199882745742798e-02
1.776317320764064789e-02
1.776802353560924530e-02
1.776783727109432220e-02
1.777061820030212402e-02
1.777757704257965088e-02
1.777022145688533783e-02
1.782497391104698181e-02
1.783129200339317322e-02
1.780124753713607788e-02
1.775951497256755829e-02
1.772804744541645050e-02
1.778986491262912750e-02
1.786883734166622162e-02
1.792242191731929779e-02
1.788389123976230621e-02
1.779246143996715546e-02
1.778999343514442444e-02
1.780907437205314636e-02
1.787006668746471405e-02
1.786662079393863678e-02
1.780492253601551056e-02
1.772687956690788269e-02
1.782191731035709381e-02
1.788536645472049713e-02
1.790165714919567108e-02
1.791772618889808655e-02
1.794014312326908112e-02
1.802478730678558350e-02
1.803751103579998016e-02
1.804352924227714539e-02
1.796672679483890533e-02
1.791772991418838501e-02
1.790332607924938202e-02
1.794333010911941528e-02
1.797749660909175873e-02
1.790294051170349121e-02
1.783815398812294006e-02
1.790025457739830017e-02
1.798989810049533844e-02
1.794753409922122955e-02
1.790825463831424713e-02
1.787836290895938873e-02
1.793019101023674011e-02
1.798561960458755493e-02
1.795121468603610992e-02
1.801395975053310394e-02
1.796008646488189697e-02
1.797056011855602264e-02
1.794478669762611389e-02
1.790988072752952576e-02
1.798090338706970215e-02
1.808504201471805573e-02
1.805916056036949158e-02
1.799909584224224091e-02
1.793571934103965759e-02
1.801560260355472565e-02
1.804923824965953827e-02
1.800162717700004578e-02
1.791646331548690796e-02
1.798112876713275909e-02
1.809131167829036713e-02
1.804373972117900848e-02
1.800989173352718353e-02
1.800929754972457886e-02
1.803791895508766174e-02
1.794076897203922272e-02
1.794134825468063354e-02
1.800082065165042877e-02
1.807277463376522064e-02
1.808102428913116455e-02
1.806869544088840485e-02
1.802827417850494385e-02
1.809499226510524750e-02
1.809714548289775848e-02
1.810039393603801727e-02
1.816742680966854095e-02
1.807112060487270355e-02
1.806374453008174896e-02
1.803013496100902557e-02
1.803196221590042114e-02
1.815585047006607056e-02
1.816221885383129120e-02
1.812660880386829376e-02
1.811233349144458771e-02
1.805749349296092987e-02
1.795278117060661316e-02
1.800712943077087402e-02
1.812813058495521545e-02
1.806546561419963837e-02
1.798635907471179962e-02
1.807039044797420502e-02
1.817025616765022278e-02
1.816667988896369934e-02
1.816168986260890961e-02
1.819178462028503418e-02
1.821806281805038452e-02
1.822687499225139618e-02
1.813171245157718658e-02
1.809561811387538910e-02
1.813428103923797607e-02
1.809015125036239624e-02
1.812432147562503815e-02
1.817042566835880280e-02
1.812214031815528870e-02
1.808110252022743225e-02
1.811606809496879578e-02
1.809208281338214874e-02
1.804593950510025024e-02
1.801837980747222900e-02
1.810245215892791748e-02
1.813498325645923615e-02
1.807926408946514130e-02
1.806573383510112762e-02
1.803018897771835327e-02
1.803963258862495422e-02
1.808122731745243073e-02
1.807188056409358978e-02
1.804126240313053131e-02
1.801964826881885529e-02
1.808284036815166473e-02
1.818879693746566772e-02
1.822108589112758636e-02
1.826501637697219849e-02
1.818242855370044708e-02
1.816972531378269196e-02
1.815107837319374084e-02
1.810824312269687653e-02
1.796061731874942780e-02
1.791548915207386017e-02
1.797717250883579254e-02
1.809852197766304016e-02
1.809644140303134918e-02
1.807612366974353790e-02
1.814357563853263855e-02
1.808385737240314484e-02
1.798105612397193909e-02
1.798008196055889130e-02
1.799363829195499420e-02
1.804866641759872437e-02
1.803591847419738770e-02
1.806831546127796173e-02
1.800575107336044312e-02
1.809930801391601562e-02
1.810077391564846039e-02
1.797605492174625397e-02
1.798039674758911133e-02
1.794657856225967407e-02
1.792424358427524567e-02
1.794708147644996643e-02
1.795831508934497833e-02
1.800270192325115204e-02
1.789888367056846619e-02
1.784180849790573120e-02
1.789200492203235626e-02
