2e+06,39.551
4e+06,38.935
6e+06,38.541
8e+06,38.262
1e+07,38.051
1.2e+07,37.837
1.4e+07,37.686
1.6e+07,37.546
1.8e+07,37.388
2e+07,37.24
2.2e+07,37.105
2.4e+07,36.985
2.6e+07,36.878
2.8e+07,36.752
3e+07,36.651
3.2e+07,36.537
3.4e+07,36.439
3.6e+07,36.335
3.8e+07,36.247
4e+07,36.168
4.2e+07,36.061
4.4e+07,35.974
4.6e+07,35.882
4.8e+07,35.806
5e+07,35.707
5.2e+07,35.63
5.4e+07,35.555
5.6e+07,35.474
5.8e+07,35.41
6e+07,35.345
6.2e+07,35.253
6.4e+07,35.181
6.6e+07,35.113
6.8e+07,35.049
7e+07,34.977
7.2e+07,34.917
7.4e+07,34.846
7.6e+07,34.78
7.8e+07,34.721
8e+07,34.666
8.2e+07,34.591
8.4e+07,34.532
8.6e+07,34.478
8.8e+07,34.425
9e+07,34.353
9.2e+07,34.305
9.4e+07,34.248
9.6e+07,34.193
9.8e+07,34.141
1e+08,34.079
1.02e+08,34.019
1.04e+08,33.966
1.06e+08,33.937
1.08e+08,33.857
1.1e+08,33.821
1.12e+08,33.794
1.14e+08,33.706
1.16e+08,33.668
1.18e+08,33.612
1.2e+08,33.565
1.22e+08,33.511
1.24e+08,33.471
1.26e+08,33.416
1.28e+08,33.37
1.3e+08,33.316
1.32e+08,33.275
1.34e+08,33.238
1.36e+08,33.186
1.38e+08,33.133
1.4e+08,33.092
1.42e+08,33.054
1.44e+08,32.997
1.46e+08,32.958
1.48e+08,32.922
1.5e+08,32.875
1.52e+08,32.861
1.54e+08,32.796
1.56e+08,32.755
1.58e+08,32.729
1.6e+08,32.686
1.62e+08,32.646
1.64e+08,32.598
1.66e+08,32.566
1.68e+08,32.534
1.7e+08,32.503
1.72e+08,32.453
1.74e+08,32.417
1.76e+08,32.401
1.78e+08,32.346
1.8e+08,32.308
1.82e+08,32.256
1.84e+08,32.23
1.86e+08,32.194
1.88e+08,32.151
1.9e+08,32.124
1.92e+08,32.086
1.94e+08,32.055
1.96e+08,32.021
1.98e+08,31.956
2e+08,31.944
2.02e+08,31.891
2.04e+08,31.869
2.06e+08,31.837
2.08e+08,31.807
2.1e+08,31.749
2.12e+08,31.733
2.14e+08,31.683
2.16e+08,31.66
2.18e+08,31.622
2.2e+08,31.596
2.22e+08,31.574
2.24e+08,31.547
2.26e+08,31.521
2.28e+08,31.502
2.3e+08,31.49
2.32e+08,31.452
2.34e+08,31.428
2.36e+08,31.387
2.38e+08,31.373
2.4e+08,31.353
2.42e+08,31.329
2.44e+08,31.317
2.46e+08,31.278
2.48e+08,31.259
2.5e+08,31.239
2.52e+08,31.204
2.54e+08,31.184
2.56e+08,31.15
2.58e+08,31.129
2.6e+08,31.112
2.62e+08,31.088
2.64e+08,31.053
2.66e+08,31.034
2.68e+08,31.025
2.7e+08,30.993
2.72e+08,30.977
2.74e+08,30.954
2.76e+08,30.941
2.78e+08,30.917
2.8e+08,30.897
2.82e+08,30.865
2.84e+08,30.843
2.86e+08,30.827
2.88e+08,30.798
2.9e+08,30.779
2.92e+08,30.75
2.94e+08,30.743
2.96e+08,30.719
2.98e+08,30.697
3e+08,30.673
3.02e+08,30.652
3.04e+08,30.649
3.06e+08,30.622
3.08e+08,30.597
3.1e+08,30.591
3.12e+08,30.558
3.14e+08,30.545
3.16e+08,30.529
3.18e+08,30.503
3.2e+08,30.501
3.22e+08,30.473
3.24e+08,30.467
3.26e+08,30.455
3.28e+08,30.419
3.3e+08,30.411
3.32e+08,30.386
3.34e+08,30.385
3.36e+08,30.365
3.38e+08,30.349
3.4e+08,30.352
3.42e+08,30.322
3.44e+08,30.308
3.46e+08,30.302
3.48e+08,30.278
3.5e+08,30.251
3.52e+08,30.248
3.54e+08,30.228
3.56e+08,30.217
3.58e+08,30.207
3.6e+08,30.193
3.62e+08,30.19
3.64e+08,30.158
3.66e+08,30.142
3.68e+08,30.142
3.7e+08,30.111
3.72e+08,30.115
3.74e+08,30.096
3.76e+08,30.092
3.78e+08,30.072
3.8e+08,30.052
3.82e+08,30.047
3.84e+08,30.047
3.86e+08,30.034
3.88e+08,30.023
3.9e+08,30.006
3.92e+08,29.993
3.94e+08,29.983
3.96e+08,29.963
3.98e+08,29.974
4e+08,29.951
4.02e+08,29.955
4.04e+08,29.946
4.06e+08,29.929
4.08e+08,29.919
4.1e+08,29.924
4.12e+08,29.902
4.14e+08,29.896
4.16e+08,29.898
4.18e+08,29.877
4.2e+08,29.885
4.22e+08,29.878
4.24e+08,29.861
4.26e+08,29.873
4.28e+08,29.847
4.3e+08,29.835
4.32e+08,29.864
4.34e+08,29.838
4.36e+08,29.821
4.38e+08,29.827
4.4e+08,29.834
4.42e+08,29.821
4.44e+08,29.809
4.46e+08,29.811
4.48e+08,29.804
4.5e+08,29.803
4.52e+08,29.81
4.54e+08,29.775
4.56e+08,29.781
4.58e+08,29.788
4.6e+08,29.788
4.62e+08,29.757
4.64e+08,29.772
4.66e+08,29.755
4.68e+08,29.771
4.7e+08,29.763
4.72e+08,29.759
4.74e+08,29.759
4.76e+08,29.754
4.78e+08,29.744
4.8e+08,29.753
4.82e+08,29.751
4.84e+08,29.749
4.86e+08,29.741
4.88e+08,29.745
4.9e+08,29.745
4.92e+08,29.742
4.94e+08,29.76
4.96e+08,29.723
4.98e+08,29.737
5e+08,29.747
5.02e+08,29.764
5.04e+08,29.755
5.06e+08,29.743
5.08e+08,29.73
5.1e+08,29.734
5.12e+08,29.748
5.14e+08,29.75
5.16e+08,29.753
5.18e+08,29.739
5.2e+08,29.753
5.22e+08,29.764
5.24e+08,29.758
5.26e+08,29.734
5.28e+08,29.745
5.3e+08,29.746
5.32e+08,29.755
5.34e+08,29.743
5.36e+08,29.771
5.38e+08,29.771
5.4e+08,29.78
5.42e+08,29.771
5.44e+08,29.777
5.46e+08,29.776
5.48e+08,29.775
5.5e+08,29.786
5.52e+08,29.797
5.54e+08,29.813
5.56e+08,29.789
5.58e+08,29.804
5.6e+08,29.812
5.62e+08,29.828
5.64e+08,29.822
5.66e+08,29.824
5.68e+08,29.831
5.7e+08,29.84
5.72e+08,29.835
5.74e+08,29.857
5.76e+08,29.841
5.78e+08,29.861
5.8e+08,29.866
5.82e+08,29.863
5.84e+08,29.881
5.86e+08,29.892
5.88e+08,29.886
5.9e+08,29.901
5.92e+08,29.901
5.94e+08,29.914
5.96e+08,29.915
5.98e+08,29.915
6e+08,29.954
6.02e+08,29.954
6.04e+08,29.94
6.06e+08,29.961
6.08e+08,29.958
6.1e+08,29.989
6.12e+08,29.986
6.14e+08,29.987
6.16e+08,29.993
6.18e+08,30.018
6.2e+08,30.018
6.22e+08,30.041
6.24e+08,30.057
6.26e+08,30.043
6.28e+08,30.062
6.3e+08,30.062
6.32e+08,30.069
6.34e+08,30.077
6.36e+08,30.1
6.38e+08,30.13
6.4e+08,30.127
6.42e+08,30.134
6.44e+08,30.155
6.46e+08,30.159
6.48e+08,30.167
6.5e+08,30.183
6.52e+08,30.2
6.54e+08,30.2
6.56e+08,30.217
6.58e+08,30.223
6.6e+08,30.226
6.62e+08,30.249
6.64e+08,30.26
6.66e+08,30.298
6.68e+08,30.288
6.7e+08,30.294
6.72e+08,30.314
6.74e+08,30.326
6.76e+08,30.356
6.78e+08,30.358
6.8e+08,30.368
6.82e+08,30.388
6.84e+08,30.4
6.86e+08,30.429
6.88e+08,30.422
6.9e+08,30.449
6.92e+08,30.465
6.94e+08,30.464
6.96e+08,30.486
6.98e+08,30.499
7e+08,30.528
7.02e+08,30.528
7.04e+08,30.559
7.06e+08,30.567
7.08e+08,30.583
7.1e+08,30.599
7.12e+08,30.62
7.14e+08,30.623
7.16e+08,30.648
7.18e+08,30.656
7.2e+08,30.685
7.22e+08,30.687
7.24e+08,30.702
7.26e+08,30.738
7.28e+08,30.738
7.3e+08,30.754
7.32e+08,30.782
7.34e+08,30.803
7.36e+08,30.815
7.38e+08,30.835
7.4e+08,30.856
7.42e+08,30.867
7.44e+08,30.899
7.46e+08,30.895
7.48e+08,30.938
7.5e+08,30.947
7.52e+08,30.977
7.54e+08,30.972
7.56e+08,31.002
7.58e+08,31.036
7.6e+08,31.048
7.62e+08,31.06
7.64e+08,31.089
7.66e+08,31.103
7.68e+08,31.123
7.7e+08,31.146
7.72e+08,31.163
7.74e+08,31.188
7.76e+08,31.212
7.78e+08,31.214
7.8e+08,31.246
7.82e+08,31.268
7.84e+08,31.278
7.86e+08,31.308
7.88e+08,31.331
7.9e+08,31.351
7.92e+08,31.37
7.94e+08,31.393
7.96e+08,31.431
7.98e+08,31.449
8e+08,31.456
8.02e+08,31.496
8.04e+08,31.504
8.06e+08,31.524
8.08e+08,31.535
8.1e+08,31.575
8.12e+08,31.581
8.14e+08,31.628
8.16e+08,31.654
8.18e+08,31.682
8.2e+08,31.69
8.22e+08,31.717
8.24e+08,31.744
8.26e+08,31.765
8.28e+08,31.797
8.3e+08,31.795
8.32e+08,31.852
8.34e+08,31.866
8.36e+08,31.871
8.38e+08,31.913
8.4e+08,31.933
8.42e+08,31.956
8.44e+08,31.985
8.46e+08,32.019
8.48e+08,32.037
8.5e+08,32.073
8.52e+08,32.082
8.54e+08,32.116
8.56e+08,32.14
8.58e+08,32.156
8.6e+08,32.191
8.62e+08,32.22
8.64e+08,32.258
8.66e+08,32.276
8.68e+08,32.299
8.7e+08,32.323
8.72e+08,32.335
8.74e+08,32.368
8.76e+08,32.396
8.78e+08,32.425
8.8e+08,32.457
8.82e+08,32.476
8.84e+08,32.514
8.86e+08,32.555
8.88e+08,32.567
8.9e+08,32.584
8.92e+08,32.622
8.94e+08,32.65
8.96e+08,32.674
8.98e+08,32.718
9e+08,32.739
9.02e+08,32.781
9.04e+08,32.797
9.06e+08,32.814
9.08e+08,32.843
9.1e+08,32.902
9.12e+08,32.921
9.14e+08,32.937
9.16e+08,32.988
9.18e+08,33.008
9.2e+08,33.03
9.22e+08,33.061
9.24e+08,33.073
9.26e+08,33.121
9.28e+08,33.153
9.3e+08,33.186
9.32e+08,33.215
9.34e+08,33.244
9.36e+08,33.275
9.38e+08,33.317
9.4e+08,33.333
9.42e+08,33.371
9.44e+08,33.386
9.46e+08,33.438
9.48e+08,33.475
9.5e+08,33.506
9.52e+08,33.521
9.54e+08,33.548
9.56e+08,33.593
9.58e+08,33.641
9.6e+08,33.651
9.62e+08,33.703
9.64e+08,33.727
9.66e+08,33.783
9.68e+08,33.788
9.7e+08,33.84
9.72e+08,33.859
9.74e+08,33.882
9.76e+08,33.922
9.78e+08,33.951
9.8e+08,33.996
9.82e+08,34.015
9.84e+08,34.056
9.86e+08,34.079
9.88e+08,34.154
9.9e+08,34.172
9.92e+08,34.188
9.94e+08,34.237
9.96e+08,34.28
9.98e+08,34.288
1e+09,34.322
1.002e+09,34.392
1.004e+09,34.41
1.006e+09,34.436
1.008e+09,34.477
1.01e+09,34.511
1.012e+09,34.538
1.014e+09,34.58
1.016e+09,34.624
1.018e+09,34.666
1.02e+09,34.695
1.022e+09,34.732
1.024e+09,34.752
1.026e+09,34.792
1.028e+09,34.835
1.03e+09,34.837
1.032e+09,34.774
1.034e+09,34.71
1.036e+09,34.668
1.038e+09,34.614
1.04e+09,34.56
1.042e+09,34.519
1.044e+09,34.449
1.046e+09,34.391
1.048e+09,34.346
1.05e+09,34.29
1.052e+09,34.213
1.054e+09,34.179
1.056e+09,34.126
1.058e+09,34.066
1.06e+09,34.025
1.062e+09,33.951
1.064e+09,33.887
1.066e+09,33.835
1.068e+09,33.785
1.07e+09,33.724
1.072e+09,33.678
1.074e+09,33.632
1.076e+09,33.577
1.078e+09,33.51
1.08e+09,33.434
1.082e+09,33.409
1.084e+09,33.345
1.086e+09,33.289
1.088e+09,33.232
1.09e+09,33.156
1.092e+09,33.117
1.094e+09,33.066
1.096e+09,32.995
1.098e+09,32.955
1.1e+09,32.921
1.102e+09,32.847
1.104e+09,32.808
1.106e+09,32.731
1.108e+09,32.686
1.11e+09,32.623
1.112e+09,32.557
1.114e+09,32.511
1.116e+09,32.445
1.118e+09,32.377
1.12e+09,32.346
1.122e+09,32.279
1.124e+09,32.225
1.126e+09,32.172
1.128e+09,32.12
1.13e+09,32.054
1.132e+09,32.003
1.134e+09,31.95
1.136e+09,31.894
1.138e+09,31.845
1.14e+09,31.794
1.142e+09,31.74
1.144e+09,31.662
1.146e+09,31.604
1.148e+09,31.547
1.15e+09,31.483
1.152e+09,31.433
1.154e+09,31.378
1.156e+09,31.336
1.158e+09,31.256
1.16e+09,31.224
1.162e+09,31.159
1.164e+09,31.094
1.166e+09,31.028
1.168e+09,30.982
1.17e+09,30.927
1.172e+09,30.86
1.174e+09,30.81
1.176e+09,30.766
1.178e+09,30.692
1.18e+09,30.645
1.182e+09,30.568
1.184e+09,30.52
1.186e+09,30.464
1.188e+09,30.409
1.19e+09,30.355
1.192e+09,30.31
1.194e+09,30.26
1.196e+09,30.176
1.198e+09,30.118
1.2e+09,30.072
1.202e+09,30.008
1.204e+09,29.93
1.206e+09,29.915
1.208e+09,29.826
1.21e+09,29.781
1.212e+09,29.713
1.214e+09,29.675
1.216e+09,29.607
1.218e+09,29.544
1.22e+09,29.513
1.222e+09,29.428
1.224e+09,29.38
1.226e+09,29.306
1.228e+09,29.248
1.23e+09,29.203
1.232e+09,29.119
1.234e+09,29.084
1.236e+09,29.016
1.238e+09,28.964
1.24e+09,28.892
1.242e+09,28.837
1.244e+09,28.791
1.246e+09,28.737
1.248e+09,28.685
1.25e+09,28.603
1.252e+09,28.569
1.254e+09,28.498
1.256e+09,28.447
1.258e+09,28.371
1.26e+09,28.321
1.262e+09,28.265
1.264e+09,28.206
1.266e+09,28.149
1.268e+09,28.074
1.27e+09,28.034
1.272e+09,27.961
1.274e+09,27.906
1.276e+09,27.848
1.278e+09,27.787
1.28e+09,27.712
1.282e+09,27.678
1.284e+09,27.62
1.286e+09,27.557
1.288e+09,27.494
1.29e+09,27.436
1.292e+09,27.384
1.294e+09,27.324
1.296e+09,27.265
1.298e+09,27.192
1.3e+09,27.123
1.302e+09,27.067
1.304e+09,27.016
1.306e+09,26.946
1.308e+09,26.9
1.31e+09,26.828
1.312e+09,26.775
1.314e+09,26.694
1.316e+09,26.678
1.318e+09,26.595
1.32e+09,26.524
1.322e+09,26.473
1.324e+09,26.42
1.326e+09,26.365
1.328e+09,26.307
1.33e+09,26.231
1.332e+09,26.183
1.334e+09,26.118
1.336e+09,26.063
1.338e+09,25.983
1.34e+09,25.949
1.342e+09,25.866
1.344e+09,25.813
1.346e+09,25.746
1.348e+09,25.688
1.35e+09,25.639
1.352e+09,25.573
1.354e+09,25.514
1.356e+09,25.459
1.358e+09,25.375
1.36e+09,25.324
1.362e+09,25.275
1.364e+09,25.193
1.366e+09,25.144
1.368e+09,25.067
1.37e+09,25.026
1.372e+09,24.973
1.374e+09,24.904
1.376e+09,24.832
1.378e+09,24.78
1.38e+09,24.714
1.382e+09,24.665
1.384e+09,24.599
1.386e+09,24.534
1.388e+09,24.476
1.39e+09,24.405
1.392e+09,24.334
1.394e+09,24.295
1.396e+09,24.227
1.398e+09,24.164
1.4e+09,24.108
1.402e+09,24.041
1.404e+09,24.006
1.406e+09,23.924
1.408e+09,23.865
1.41e+09,23.814
1.412e+09,23.761
1.414e+09,23.673
1.416e+09,23.614
1.418e+09,23.572
1.42e+09,23.484
1.422e+09,23.436
1.424e+09,23.388
1.426e+09,23.303
1.428e+09,23.255
1.43e+09,23.184
1.432e+09,23.144
1.434e+09,23.049
1.436e+09,23.006
1.438e+09,22.967
1.44e+09,22.914
1.442e+09,22.818
1.444e+09,22.764
1.446e+09,22.698
1.448e+09,22.634
1.45e+09,22.576
1.452e+09,22.518
1.454e+09,22.465
1.456e+09,22.396
1.458e+09,22.342
1.46e+09,22.276
1.462e+09,22.223
1.464e+09,22.164
1.466e+09,22.093
1.468e+09,22.029
1.47e+09,21.968
1.472e+09,21.92
1.474e+09,21.849
1.476e+09,21.794
1.478e+09,21.73
1.48e+09,21.672
1.482e+09,21.582
1.484e+09,21.543
1.486e+09,21.456
1.488e+09,21.432
1.49e+09,21.346
1.492e+09,21.296
1.494e+09,21.238
1.496e+09,21.165
1.498e+09,21.107
1.5e+09,21.048
1.52e+09,20.429
1.54e+09,19.848
1.56e+09,19.202
1.58e+09,18.626
1.6e+09,18.055
1.62e+09,17.45
1.64e+09,16.876
1.66e+09,16.316
1.68e+09,15.76
1.7e+09,15.191
1.72e+09,14.661
1.74e+09,14.134
1.76e+09,13.635
1.78e+09,13.125
1.8e+09,12.669
1.82e+09,12.207
1.84e+09,11.764
1.86e+09,11.368
1.88e+09,10.953
1.9e+09,10.595
1.92e+09,10.245
1.94e+09,9.8948
1.96e+09,9.6142
1.98e+09,9.3464
2e+09,9.0923
2.02e+09,8.9033
2.04e+09,8.7161
2.06e+09,8.6092
2.08e+09,8.5018
2.1e+09,8.4471
2.12e+09,8.4209
2.14e+09,8.4344
2.16e+09,8.486
2.18e+09,8.5269
2.2e+09,8.6471
2.22e+09,8.8105
2.24e+09,8.9635
2.26e+09,9.1669
2.28e+09,9.3621
2.3e+09,9.6117
2.32e+09,9.8646
2.34e+09,10.129
2.36e+09,10.391
2.38e+09,10.702
2.4e+09,11.012
2.42e+09,11.33
2.44e+09,11.646
2.46e+09,12.022
2.48e+09,12.384
2.5e+09,12.752
2.52e+09,13.097
2.54e+09,13.463
2.56e+09,13.85
2.58e+09,14.23
2.6e+09,14.59
2.62e+09,15.009
2.64e+09,15.391
2.66e+09,15.791
2.68e+09,16.2
2.7e+09,16.59
2.72e+09,16.986
2.74e+09,17.401
2.76e+09,17.792
2.78e+09,18.218
2.8e+09,18.632
2.82e+09,19.059
2.84e+09,19.465
2.86e+09,19.866
2.88e+09,20.286
2.9e+09,20.711
2.92e+09,21.118
2.94e+09,21.543
2.96e+09,21.936
2.98e+09,22.365
3e+09,22.796
3.02e+09,23.219
3.04e+09,23.614
3.06e+09,24.06
3.08e+09,24.448
3.1e+09,24.878
3.12e+09,25.306
3.14e+09,25.704
3.16e+09,26.143
3.18e+09,26.562
3.2e+09,26.94
3.22e+09,27.362
3.24e+09,27.466
3.26e+09,27.106
3.28e+09,26.693
3.3e+09,26.301
3.32e+09,25.942
3.34e+09,25.508
3.36e+09,25.117
3.38e+09,24.72
3.4e+09,24.253
3.42e+09,23.801
3.44e+09,23.364
3.46e+09,22.888
3.48e+09,22.422
3.5e+09,21.95
3.52e+09,21.418
3.54e+09,20.97
3.56e+09,20.532
3.58e+09,20.073
3.6e+09,19.591
3.62e+09,19.155
3.64e+09,18.746
3.66e+09,18.349
3.68e+09,17.96
3.7e+09,17.54
3.72e+09,17.179
3.74e+09,16.794
3.76e+09,16.452
3.78e+09,16.082
3.8e+09,15.757
3.82e+09,15.403
3.84e+09,15.088
3.86e+09,14.767
3.88e+09,14.495
3.9e+09,14.189
3.92e+09,13.922
3.94e+09,13.628
3.96e+09,13.396
3.98e+09,13.14
4e+09,12.915
4.02e+09,12.726
4.04e+09,12.506
4.06e+09,12.323
4.08e+09,12.158
4.1e+09,12.013
4.12e+09,11.867
4.14e+09,11.714
4.16e+09,11.606
4.18e+09,11.524
4.2e+09,11.409
4.22e+09,11.334
4.24e+09,11.28
4.26e+09,11.171
4.28e+09,11.151
4.3e+09,11.132
4.32e+09,11.134
4.34e+09,11.17
4.36e+09,11.267
4.38e+09,11.343
4.4e+09,11.483
4.42e+09,11.646
4.44e+09,11.86
4.46e+09,12.045
4.48e+09,12.287
4.5e+09,12.563
4.52e+09,12.824
4.54e+09,13.122
4.56e+09,13.426
4.58e+09,13.747
4.6e+09,14.086
4.62e+09,14.422
4.64e+09,14.778
4.66e+09,15.143
4.68e+09,15.515
4.7e+09,15.886
4.72e+09,16.265
4.74e+09,16.661
4.76e+09,17.054
4.78e+09,17.467
4.8e+09,17.874
4.82e+09,18.292
4.84e+09,18.715
4.86e+09,19.137
4.88e+09,19.566
4.9e+09,19.982
4.92e+09,20.425
4.94e+09,20.887
4.96e+09,21.303
4.98e+09,21.766
5e+09,22.249
5.02e+09,22.686
5.04e+09,23.15
5.06e+09,23.584
5.08e+09,24.072
5.1e+09,24.518
5.12e+09,24.991
5.14e+09,25.461
5.16e+09,25.912
5.18e+09,26.362
5.2e+09,26.841
5.22e+09,27.297
5.24e+09,27.779
5.26e+09,28.259
5.28e+09,28.697
5.3e+09,29.179
5.32e+09,29.59
5.34e+09,30.042
5.36e+09,30.481
5.38e+09,30.913
5.4e+09,31.337
5.42e+09,31.784
5.44e+09,32.186
5.46e+09,32.641
5.48e+09,33.038
5.5e+09,33.465
5.52e+09,33.901
5.54e+09,34.194
5.56e+09,33.896
5.58e+09,33.595
5.6e+09,33.251
5.62e+09,32.976
5.64e+09,32.63
5.66e+09,32.351
5.68e+09,32.031
5.7e+09,31.767
5.72e+09,31.46
5.74e+09,31.211
5.76e+09,30.966
5.78e+09,30.737
5.8e+09,30.547
5.82e+09,30.371
5.84e+09,30.219
5.86e+09,30.1
5.88e+09,30
5.9e+09,29.879
5.92e+09,29.781
5.94e+09,29.734
5.96e+09,29.66
5.98e+09,29.621
6e+09,29.57
6.02e+09,29.537
6.04e+09,29.526
6.06e+09,29.475
6.08e+09,29.463
6.1e+09,29.416
6.12e+09,29.424
6.14e+09,29.41
6.16e+09,29.374
6.18e+09,29.357
6.2e+09,29.377
6.22e+09,29.404
6.24e+09,29.398
6.26e+09,29.441
6.28e+09,29.46
6.3e+09,29.495
6.32e+09,29.519
6.34e+09,29.538
6.36e+09,29.626
6.38e+09,29.677
6.4e+09,29.706
6.42e+09,29.767
6.44e+09,29.831
6.46e+09,29.912
6.48e+09,29.994
6.5e+09,30.073
6.52e+09,30.18
6.54e+09,30.244
6.56e+09,30.354
6.58e+09,30.446
6.6e+09,30.562
6.62e+09,30.638
6.64e+09,30.783
6.66e+09,30.895
6.68e+09,31.012
6.7e+09,31.135
6.72e+09,31.285
6.74e+09,31.416
6.76e+09,31.567
6.78e+09,31.726
6.8e+09,31.886
6.82e+09,32.003
6.84e+09,32.155
6.86e+09,32.27
6.88e+09,32.44
6.9e+09,32.602
6.92e+09,32.741
6.94e+09,32.928
6.96e+09,33.083
6.98e+09,33.269
7e+09,33.436
7.02e+09,33.625
7.04e+09,33.831
7.06e+09,34.028
7.08e+09,34.205
7.1e+09,34.436
7.12e+09,34.643
7.14e+09,34.843
7.16e+09,35.131
7.18e+09,35.305
7.2e+09,35.545
7.22e+09,35.802
7.24e+09,36.045
7.26e+09,36.28
7.28e+09,36.495
7.3e+09,36.775
7.32e+09,36.996
7.34e+09,37.236
7.36e+09,37.48
7.38e+09,37.754
7.4e+09,38.005
7.42e+09,38.264
7.44e+09,38.521
7.46e+09,38.762
7.48e+09,39.023
7.5e+09,39.271
7.52e+09,39.561
7.54e+09,39.851
7.56e+09,40.114
7.58e+09,40.373
7.6e+09,40.65
7.62e+09,40.965
7.64e+09,41.222
7.66e+09,41.512
7.68e+09,41.814
7.7e+09,42.1
7.72e+09,42.406
7.74e+09,42.71
7.76e+09,43.033
7.78e+09,43.305
7.8e+09,43.625
7.82e+09,43.893
7.84e+09,44.187
7.86e+09,44.486
7.88e+09,44.784
7.9e+09,45.062
7.92e+09,45.347
7.94e+09,45.631
7.96e+09,45.868
7.98e+09,46.194
8e+09,46.444
8.02e+09,46.709
8.04e+09,46.985
8.06e+09,47.282
8.08e+09,47.571
8.1e+09,47.435
8.12e+09,47.175
8.14e+09,46.931
8.16e+09,46.665
8.18e+09,46.392
8.2e+09,46.157
8.22e+09,45.907
8.24e+09,45.655
8.26e+09,45.432
8.28e+09,45.256
8.3e+09,45.05
8.32e+09,44.948
8.34e+09,44.84
8.36e+09,44.744
8.38e+09,44.707
8.4e+09,44.696
8.42e+09,44.682
8.44e+09,44.725
8.46e+09,44.746
8.48e+09,44.766
8.5e+09,44.779
8.52e+09,44.814
8.54e+09,44.838
8.56e+09,44.852
8.58e+09,44.871
8.6e+09,44.887
8.62e+09,44.879
8.64e+09,44.886
8.66e+09,44.902
8.68e+09,44.905
8.7e+09,44.893
8.72e+09,44.903
8.74e+09,44.942
8.76e+09,44.918
8.78e+09,44.934
8.8e+09,44.949
8.82e+09,44.977
8.84e+09,45.026
8.86e+09,45.078
8.88e+09,45.126
8.9e+09,45.209
8.92e+09,45.3
8.94e+09,45.399
8.96e+09,45.513
8.98e+09,45.644
9e+09,45.74
9.02e+09,45.85
9.04e+09,45.954
9.06e+09,46.069
9.08e+09,46.168
9.1e+09,46.266
9.12e+09,46.362
9.14e+09,46.448
9.16e+09,46.542
9.18e+09,46.631
9.2e+09,46.718
9.22e+09,46.81
9.24e+09,46.897
9.26e+09,46.949
9.28e+09,47.034
9.3e+09,47.128
9.32e+09,47.204
9.34e+09,47.315
9.36e+09,47.406
9.38e+09,47.491
9.4e+09,47.603
9.42e+09,47.697
9.44e+09,47.829
9.46e+09,47.99
9.48e+09,48.112
9.5e+09,48.215
9.52e+09,48.359
9.54e+09,48.503
9.56e+09,48.666
9.58e+09,48.829
9.6e+09,48.977
9.62e+09,49.184
9.64e+09,49.336
9.66e+09,49.542
9.68e+09,49.718
9.7e+09,49.946
9.72e+09,50.172
9.74e+09,50.39
9.76e+09,50.636
9.78e+09,50.863
9.8e+09,51.094
9.82e+09,51.323
9.84e+09,51.572
9.86e+09,51.837
9.88e+09,52.081
9.9e+09,52.324
9.92e+09,52.587
9.94e+09,52.834
9.96e+09,53.14
9.98e+09,53.382
1e+10,53.635
1.002e+10,53.923
1.004e+10,54.19
1.006e+10,54.473
1.008e+10,54.747
1.01e+10,55.017
1.012e+10,55.317
1.014e+10,55.583
1.016e+10,55.876
1.018e+10,56.185
1.02e+10,56.519
1.022e+10,56.785
1.024e+10,57.053
1.026e+10,57.349
1.028e+10,57.677
1.03e+10,57.989
1.032e+10,58.308
1.034e+10,58.617
1.036e+10,58.909
1.038e+10,59.236
1.04e+10,59.554
1.042e+10,59.854
1.044e+10,60.185
1.046e+10,60.361
1.048e+10,60.229
1.05e+10,60.133
1.052e+10,60.011
1.054e+10,59.965
1.056e+10,59.873
1.058e+10,59.767
1.06e+10,59.752
1.062e+10,59.63
1.064e+10,59.631
1.066e+10,59.517
1.068e+10,59.412
1.07e+10,59.411
1.072e+10,59.354
1.074e+10,59.269
1.076e+10,59.277
1.078e+10,59.204
1.08e+10,59.209
1.082e+10,59.158
1.084e+10,59.11
1.086e+10,59.101
1.088e+10,59.127
1.09e+10,59.13
1.092e+10,59.142
1.094e+10,59.062
1.096e+10,59.174
1.098e+10,59.207
1.1e+10,59.195
1.102e+10,59.299
1.104e+10,59.327
1.106e+10,59.431
1.108e+10,59.473
1.11e+10,59.534
1.112e+10,59.606
1.114e+10,59.748
1.116e+10,59.819
1.118e+10,59.936
1.12e+10,60.055
1.122e+10,60.234
1.124e+10,60.408
1.126e+10,60.452
1.128e+10,60.582
1.13e+10,60.723
1.132e+10,60.931
1.134e+10,60.994
1.136e+10,61.182
1.138e+10,61.287
1.14e+10,61.467
1.142e+10,61.542
1.144e+10,61.66
1.146e+10,61.723
1.148e+10,61.947
1.15e+10,61.983
1.152e+10,62.119
1.154e+10,62.257
1.156e+10,62.386
1.158e+10,62.487
1.16e+10,62.634
1.162e+10,62.742
1.164e+10,62.865
1.166e+10,63.011
1.168e+10,63.122
1.17e+10,63.244
1.172e+10,63.538
1.174e+10,63.633
1.176e+10,63.785
1.178e+10,63.923
1.18e+10,64.123
1.182e+10,64.295
1.184e+10,64.492
1.186e+10,64.684
1.188e+10,64.871
1.19e+10,65.017
1.192e+10,65.322
1.194e+10,65.501
1.196e+10,65.659
1.198e+10,65.855
1.2e+10,66.025
1.202e+10,66.265
1.204e+10,66.518
1.206e+10,66.658
1.208e+10,66.931
1.21e+10,67.105
1.212e+10,67.302
1.214e+10,67.524
1.216e+10,67.762
1.218e+10,67.921
1.22e+10,68.179
1.222e+10,68.302
1.224e+10,68.648
1.226e+10,68.871
1.228e+10,69.114
1.23e+10,69.322
1.232e+10,69.542
1.234e+10,69.808
1.236e+10,70.115
1.238e+10,70.281
1.24e+10,70.519
1.242e+10,70.724
1.244e+10,70.972
1.246e+10,71.202
1.248e+10,71.526
1.25e+10,71.789
1.252e+10,71.9
1.254e+10,72.218
1.256e+10,72.446
1.258e+10,72.679
1.26e+10,72.904
1.262e+10,73.121
1.264e+10,73.492
1.266e+10,73.706
1.268e+10,73.923
1.27e+10,74.237
1.272e+10,74.337
1.274e+10,74.582
1.276e+10,74.879
1.278e+10,75.094
1.28e+10,75.348
1.282e+10,75.539
1.284e+10,75.814
1.286e+10,75.814
1.288e+10,75.614
1.29e+10,75.527
1.292e+10,75.516
1.294e+10,75.359
1.296e+10,75.356
1.298e+10,75.278
1.3e+10,75.12
1.302e+10,75.082
1.304e+10,75.016
1.306e+10,74.959
1.308e+10,74.78
1.31e+10,74.795
1.312e+10,74.669
1.314e+10,74.691
1.316e+10,74.523
1.318e+10,74.653
1.32e+10,74.614
1.322e+10,74.571
1.324e+10,74.546
1.326e+10,74.652
1.328e+10,74.539
1.33e+10,74.55
1.332e+10,74.703
1.334e+10,74.655
1.336e+10,74.72
1.338e+10,74.836
1.34e+10,74.839
1.342e+10,74.848
1.344e+10,74.938
1.346e+10,75.022
1.348e+10,75.035
1.35e+10,75.146
1.352e+10,75.192
1.354e+10,75.326
1.356e+10,75.495
1.358e+10,75.53
1.36e+10,75.773
1.362e+10,75.732
1.364e+10,76.004
1.366e+10,76.07
1.368e+10,76.288
1.37e+10,76.46
1.372e+10,76.681
1.374e+10,76.769
1.376e+10,76.919
1.378e+10,77.287
1.38e+10,77.446
1.382e+10,77.632
1.384e+10,77.894
1.386e+10,78.048
1.388e+10,78.268
1.39e+10,78.529
1.392e+10,78.804
1.394e+10,79.183
1.396e+10,79.354
1.398e+10,79.719
1.4e+10,79.887
1.402e+10,80.213
1.404e+10,80.608
1.406e+10,80.939
1.408e+10,81.05
1.41e+10,81.448
1.412e+10,81.761
1.414e+10,82.086
1.416e+10,82.324
1.418e+10,82.704
1.42e+10,83.115
1.422e+10,83.302
1.424e+10,83.629
1.426e+10,84.252
1.428e+10,84.383
1.43e+10,84.59
1.432e+10,85.205
1.434e+10,85.439
1.436e+10,85.793
1.438e+10,86.251
1.44e+10,86.546
1.442e+10,86.855
1.444e+10,87.14
1.446e+10,87.62
1.448e+10,87.936
1.45e+10,88.11
1.452e+10,88.554
1.454e+10,88.897
1.456e+10,89.489
1.458e+10,89.574
1.46e+10,90.206
1.462e+10,90.461
1.464e+10,90.744
1.466e+10,91.018
1.468e+10,91.458
1.47e+10,91.937
1.472e+10,92.483
1.474e+10,92.63
1.476e+10,93.213
1.478e+10,93.333
1.48e+10,93.835
1.482e+10,93.865
1.484e+10,94.461
1.486e+10,94.88
1.488e+10,95.212
1.49e+10,95.559
1.492e+10,96.198
1.494e+10,96.375
1.496e+10,96.58
1.498e+10,96.731
1.5e+10,97.295
1.502e+10,97.375
1.504e+10,97.214
1.506e+10,97.426
1.508e+10,97.582
1.51e+10,97.754
1.512e+10,97.972
1.514e+10,97.704
1.516e+10,98.307
1.518e+10,98.614
1.52e+10,98.699
1.522e+10,98.88
1.524e+10,98.678
1.526e+10,99.234
1.528e+10,98.995
1.53e+10,99.058
1.532e+10,99.419
1.534e+10,99.384
1.536e+10,99.705
1.538e+10,99.994
1.54e+10,100.2
1.542e+10,100.1
1.544e+10,100.39
1.546e+10,100.21
1.548e+10,100.69
1.55e+10,100.4
1.552e+10,100.74
1.554e+10,100.98
1.556e+10,100.77
1.558e+10,101.89
1.56e+10,101.26
1.562e+10,101.44
1.564e+10,101.42
1.566e+10,101.58
1.568e+10,102.38
1.57e+10,102.42
1.572e+10,102.36
1.574e+10,102.51
1.576e+10,101.62
1.578e+10,102.2
1.58e+10,102.7
1.582e+10,103.2
1.584e+10,103.31
1.586e+10,103.61
1.588e+10,103.35
1.59e+10,103.79
1.592e+10,102.93
1.594e+10,102.67
1.596e+10,104.48
1.598e+10,105.11
1.6e+10,105.19
1.602e+10,103.81
1.604e+10,104.02
1.606e+10,104.96
1.608e+10,105.29
1.61e+10,104.71
1.612e+10,104.25
1.614e+10,104.74
1.616e+10,104.37
1.618e+10,103.54
1.62e+10,104.67
1.622e+10,104.23
1.624e+10,103.97
1.626e+10,104.04
1.628e+10,103.95
1.63e+10,104.42
1.632e+10,103.9
1.634e+10,105.27
1.636e+10,103.87
1.638e+10,104
1.64e+10,103.58
1.642e+10,104.85
1.644e+10,104.52
1.646e+10,105.02
1.648e+10,104.73
1.65e+10,104.27
1.652e+10,104.84
1.654e+10,103.94
1.656e+10,105.28
1.658e+10,105.54
1.66e+10,105.62
1.662e+10,105.94
1.664e+10,105.65
1.666e+10,105.5
1.668e+10,105.92
1.67e+10,107.48
1.672e+10,108.32
1.674e+10,108.7
1.676e+10,109.02
1.678e+10,108.01
1.68e+10,109.21
1.682e+10,109.04
1.684e+10,109.43
1.686e+10,110.64
1.688e+10,111.25
1.69e+10,111.26
1.692e+10,112.5
1.694e+10,114.88
1.696e+10,111.87
1.698e+10,114.29
1.7e+10,113.19
1.702e+10,115.95
1.704e+10,116.47
1.706e+10,117.96
1.708e+10,115.26
1.71e+10,117.19
1.712e+10,118.28
1.714e+10,121.6
1.716e+10,119.36
1.718e+10,120.11
1.72e+10,124.06
1.722e+10,119.79
1.724e+10,126.74
1.726e+10,121.56
1.728e+10,123.09
1.73e+10,124.59
1.732e+10,124.67
1.734e+10,123.57
1.736e+10,124.79
1.738e+10,135.81
1.74e+10,129.54
1.742e+10,131.09
1.744e+10,152.89
1.746e+10,133.25
1.748e+10,131.79
1.75e+10,134.19
1.752e+10,125.29
1.754e+10,133.27
1.756e+10,134
1.758e+10,137.57
1.76e+10,138.09
1.762e+10,129.19
1.764e+10,125.86
1.766e+10,131.52
1.768e+10,122.43
1.77e+10,125.13
1.772e+10,127.62
1.774e+10,122.92
1.776e+10,125.2
1.778e+10,123.45
1.78e+10,122.18
1.782e+10,125.43
1.784e+10,118.5
1.786e+10,122.69
1.788e+10,120.34
1.79e+10,121.19
1.792e+10,122.1
1.794e+10,120.35
1.796e+10,120.59
1.798e+10,118.9
1.8e+10,118.36
1.802e+10,116.78
1.804e+10,117.78
1.806e+10,117.47
1.808e+10,117.3
1.81e+10,118.72
1.812e+10,115.98
1.814e+10,118.7
1.816e+10,118.38
1.818e+10,119.24
1.82e+10,120.12
1.822e+10,118.09
1.824e+10,118.95
1.826e+10,117.69
1.828e+10,117.68
1.83e+10,118.29
1.832e+10,117.69
1.834e+10,117.48
1.836e+10,119.29
1.838e+10,117.96
1.84e+10,117.5
1.842e+10,117.3
1.844e+10,118.36
1.846e+10,118.37
1.848e+10,116.77
1.85e+10,118.82
